1000002,877466ffd21fe26dd1b3366330b7b560,Kate Knife,9|40|38|42|41|10|12|8|49.0113178933|0|62.5579469052|0|57.5868874622|0
1000005,0f190e6e164eafe66f011073b4486975,Olive Cutter,0|45|33|16|50|5|17|34|97.2951285581|0|43.2956730998|0|2.56797107049|0
1000008,7cebd0178b69b2e88774529e1e59a7b0,Kate Hammer,34|36|37|6|16|14|13|44|26.9952179942|0|84.7405236618|0|82.8973662956|0
1000011,87dbe662a0f9238ddd0fca0f5cc1bb67,George Cutter,50|45|1|39|0|5|49|11|1.67523629253|0|1.31110561894|0|91.7648774147|0
1000014,7bef20627bb50052e352b9653c3bca53,Kate Drill,7|31|42|26|43|19|8|24|27.674143721|0|59.9202937532|0|96.2140081306|0
1000017,2a52b09ef991474c21f6a102511c416a,Paul Knife,45|43|31|46|5|7|19|4|72.9853603197|0|80.6249249791|0|82.2309485563|0
1000020,e66174c2d569a2e847a94f7d1042cbd3,Kate Cutter,13|0|35|43|37|50|15|7|0.702413721644|0|60.8206104966|0|26.2103675362|0
1000023,82cd979a2b79600137aea54fa0bd944b,Paul Cutter,9|21|15|44|41|29|35|6|37.8915190215|0|25.0595322623|0|38.7588866842|0
1000026,c96f230a463e8acd768e1c9fc43defc1,Jack Drill,5|20|12|40|45|30|38|10|40.1112856518|0|15.5609552011|0|79.9208517969|0
1000029,2f25b940dc586c83b766de9142e5cf29,Jack Hammer,37|47|8|35|13|3|42|15|95.8051576566|0|14.733611012|0|38.2474732525|0
1000032,fd8e99b43d8cf077d7d275f2c5282bc9,Amy Knife,44|14|29|48|6|36|21|2|73.4805968433|0|35.5254616204|0|53.662983864|0
1000035,a685418c705a5da1156e476f399359b6,John Knife,8|29|28|37|42|21|22|13|67.179281463|0|42.5641781793|0|76.444872651|0
1000038,2d229d073249c47875b1122fb8b8f1b8,Amy Hammer,30|18|42|37|20|32|8|13|5.34235255408|0|28.3401415282|0|39.4764935636|0
1000041,583ce0835316c03844fd7835f9741724,Paul Knife,12|31|40|41|38|19|10|9|99.9053299991|0|84.7597983793|0|33.4133840927|0
1000044,072ab14696657b46a86febd461e999f0,Olive Drill,5|2|20|27|45|48|30|23|23.9617163152|0|86.5344099518|0|52.8086868766|0
1000047,e0b4754cb5395a920dcd421aaa193079,George Hammer,15|3|44|44|35|47|6|6|60.3482497408|0|55.353253808|0|46.9223976944|0
1000050,da46320ae16246346ffa1aea9b959408,John Hammer,46|15|27|19|4|35|23|31|2.27436517279|0|83.2247971426|0|49.5412947952|0
1000053,62e420ce80f2b752477bc41cb0871e71,Olive Drill,14|6|28|50|36|44|22|0|39.0280173719|0|16.6234641977|0|1.2032204965|0
1000056,a43f24f51c8e3fb46de65a29983a1a8b,Amy Knife,3|35|12|32|47|15|38|18|66.3438360984|0|77.0970523452|0|33.9083847703|0
1000059,401459e568fc02af88ec13b1fe06b754,John Cutter,22|19|0|44|28|31|50|6|34.0748256923|0|50.9294649351|0|7.45408521886|0
